VertexCount: 8
TriangleCount: 12
VertexList (pos, normal)
{
    0.5 -0.5 -0.5 0.57735 -0.57735 -0.57735
    -0.5 -0.5 -0.5 -0.57735 -0.57735 -0.57735
    -0.5 -0.5 0.5 -0.57735 -0.57735 0.57735
    0.5 -0.5 0.5 0.57735 -0.57735 0.57735
    0.5 0.5 -0.5 0.57735 0.57735 -0.57735
    -0.5 0.5 -0.5 -0.57735 0.57735 -0.57735
    -0.5 0.5 0.5 -0.57735 0.57735 0.57735
    0.5 0.5 0.5 0.57735 0.57735 0.57735
}
TriangleList
{
    3 7 6
    3 6 2
    1 5 4
    1 4 0
    2 6 5
    2 5 1
    0 4 7
    0 7 3
    7 4 5
    7 5 6
    0 3 2
    0 2 1
}
